afraid: 0.013370839403818209
angry: 0.005964517044922785
disgusted: 0.007717654726217878
happy: 0.9581944426427739
neutral: 0.004993799906732818
sad: 0.007981526795080088
